  5  12  13 
 24  25   7 
  5   4   3 
  8   8   8 
173 100 100 
 98 191 139 
207 240 199 
 63 221 244 
 87 240 218 
147 120  32 
 73  40  55 
 32  82  88 
159  88 110 
204 149 183 
 96 234 192 
117 129 159 
121 206 184 
196 212 172 
124 117 144 
237 186  98 
127  84 112 
 74 111 135 
130 217 129 
139 217 198 
127 199 137 
 79  69  50 
125  97 154 
 91 223 222 
228 232 167 
138  96  78 
180 129  74 
116 112 124 
157 155 108 
186 192 146 
172  93 154 
103 107 192 
184 137 146 
179 145 158 
193 126 150 
156 149 175 
 21  71  60 
135 176 112 
235 252 220 
102  60  77 
 99 192 171 
 92 166 151 
167 166 179 
183  88 223 
201 167 162 
 20 113 104 
 47 134 137 
137  27 140 
143  70 150 
 50  49  20 
207  61 224 
204 125 119 
144 212 163 
227 253 129 
 52 199 215 
158 141 242 
 75  47 120 
 22 120 139 
133 110 155 
127 206 228 
181  86 127 
181 204 130 
192  78 169 
122 129  59 
 45  89 131 
174 132 134 
243 198 194 
161 112 140 
209 197  56 
153 221 169 
100 127 220 
206 231 131 
131 157  62 
191 203 194 
 84  55 135 
 39 192 167 
 54 152 119 
176  88 122 
147 109 164 
174  54 200 
245 217  72 
 95 123 174 
121  79 198 
163 161 166 
232 214 240 
 99 157 175 
110 217 190 
 69 132 122 
150 187 216 
 66  74  54 
240 200 229 
111 113 202 
125 152 203 
134  77 142 
243 239 253 
246 254 249 
